4.400427	0.000097
N: 10.000000 Trapezoid: 4.506561 Simpson: 4.400427
N: 100.000000 Trapezoid: 4.401065 Simpson: 4.400000
N: 1000.000000 Trapezoid: 4.400012 Simpson: 4.400002
